Sun -0.003454235950029027 0.0075125865400897 1.354513020923286e-05 -0.003080699737748005 -0.0005650385503047943 8.450132511924766e-05 1.0
Mercury -0.0950653456201074 0.3066310374095687 0.03285977686163322 -11.88339746387909 -2.6293140365292613 0.8751228398294262 1.6601307189542485e-07
Venus 0.3511283765560324 -0.627729437395882 -0.02916479312618899 6.3937567815005885 3.572622333424968 -0.3200298653998013 2.4477124183006537e-06
Earth 0.5187753248074464 0.8462347889592866 -2.863145953673463e-05 -5.435670131214749 3.2973187825449175 -0.000156731718441791 3.0026093514328813e-06
Mars -1.579199324790151 -0.4064747343406372 0.03000066167679573 1.4852193711370458 -4.503876041244137 -0.13079781297211704 3.2262946204122677e-07
Jupiter 0.2175580151246856 -5.230239615483141 0.01682405007717071 2.7180416856683247 0.24575102271251323 -0.0618363830696815 0.0009543137254901961
Saturn 3.593462171904586 -9.364232732322723 0.01977122255538668 1.788226847694497 0.7233240861596542 -0.08366562809454646 0.0002857415786827552
Uranus 16.3150089925084 11.26164069229323 -0.1695370798158554 -0.8260904144186674 1.1145608003768588 0.014866469818545518 4.364655605832077e-05
Neptune 29.21224195902221 -6.486219674903398 -0.5396543251372254 0.24066385311531432 1.1251960866398563 -0.028794991687264532 5.148969331322273e-05
Pluto 12.85099542259484 -31.38431572044542 -0.358961457864913 1.0857683163015592 0.18744830782205238 -0.33866722504437363 6.571141277023631e-09
Roadster -0.8557999302270966 -0.9097287479473066 -0.02353462025475621 3.1025668740080192 -4.854165038031175 -0.027004112921093934 6.28456510809452e-28
