ARMA_MAT_TXT_FN008
1000 3
  -1.61567335438018e-06   3.81714709619490e-06   5.02936775453862e-09
  -2.04498784195547e-06   3.67834793905049e-06   2.27527943308802e-08
  -2.45570029119343e-06   3.55246487779277e-06   3.91007338866517e-08
  -2.93318374377101e-06   3.45028735603599e-06   5.78233976900934e-08
  -3.43296873788277e-06   3.29183101477939e-06   7.60633891083330e-08
  -3.93008284699563e-06   3.14336001172376e-06   9.48300048788217e-08
  -4.46305335615479e-06   2.97443396723556e-06   1.15244626588757e-07
  -4.99836539392102e-06   2.80113658591303e-06   1.34360806016312e-07
  -5.58965913948751e-06   2.60439185781963e-06   1.55887733354473e-07
  -6.16032975385224e-06   2.34599089052881e-06   1.76450991192783e-07
  -6.73156840201697e-06   2.11173146634991e-06   1.97790201062589e-07
  -7.34405203436066e-06   1.83055130209725e-06   2.20100003075493e-07
  -7.93590539756394e-06   1.51658403009818e-06   2.40945912442787e-07
  -8.53950037223788e-06   1.17099031831042e-06   2.63796127063360e-07
  -9.10280340657895e-06   7.91832818979168e-07   2.84927842262270e-07
  -9.67729007401333e-06   4.28058614781017e-07   3.06758226927529e-07
  -1.02575093900714e-05  -5.59275930157926e-09   3.28649970264087e-07
  -1.07751292152833e-05  -4.49756738403921e-07   3.48928868017331e-07
  -1.12963726099814e-05  -8.94794403421731e-07   3.70717930418094e-07
  -1.17828957460444e-05  -1.36330404407404e-06   3.90180405637714e-07
  -1.22671703429613e-05  -1.82787699780766e-06   4.10339516901037e-07
  -1.27139166070515e-05  -2.33995006228182e-06   4.29801449630603e-07
  -1.31047039321510e-05  -2.81161112460844e-06   4.47766734958128e-07
  -1.35196173847644e-05  -3.28158938952144e-06   4.66915324552218e-07
  -1.38888294983850e-05  -3.77346551981886e-06   4.83582668241382e-07
  -1.42400025372877e-05  -4.24025067467408e-06   5.01285602746681e-07
  -1.45611528276969e-05  -4.71278975991038e-06   5.17921607597636e-07
  -1.48647330298625e-05  -5.13667461995627e-06   5.33568597277146e-07
  -1.51898398093342e-05  -5.57823192090905e-06   5.50285620718040e-07
  -1.54508248314181e-05  -6.01629789757602e-06   5.64696150195945e-07
  -1.57180026129007e-05  -6.39883262656508e-06   5.80567995458621e-07
  -1.59833068936594e-05  -6.78745265121419e-06   5.95192285599142e-07
  -1.62414011789442e-05  -7.14226933663781e-06   6.09527553026841e-07
  -1.65033580512620e-05  -7.50894656932643e-06   6.24861754941723e-07
  -1.67222987022095e-05  -7.83614534966222e-06   6.38214879807072e-07
  -1.69869137645884e-05  -8.12323736079524e-06   6.53379638152037e-07
  -1.72442959380405e-05  -8.43731917402296e-06   6.67150687713679e-07
  -1.74858171256108e-05  -8.70850688744512e-06   6.81285803751778e-07
  -1.77449620181750e-05  -8.97080299021920e-06   6.96253062174086e-07
  -1.79975587393140e-05  -9.19740916574383e-06   7.09689353821835e-07
  -1.83002490826309e-05  -9.41722165042513e-06   7.25247633872572e-07
  -1.85744812859940e-05  -9.65524214578550e-06   7.39358377460999e-07
  -1.88597373513645e-05  -9.82990491044391e-06   7.54455971657169e-07
  -1.91893263751093e-05  -1.00158238800386e-05   7.70154256091331e-07
  -1.95146816868089e-05  -1.01897416873208e-05   7.84799377028313e-07
  -1.98729229460466e-05  -1.03625442378106e-05   8.01700957011839e-07
  -2.02155415727308e-05  -1.05290124055479e-05   8.17148677466062e-07
  -2.06086460181205e-05  -1.06534508430122e-05   8.34184071561067e-07
  -2.10371552674965e-05  -1.08257399200751e-05   8.51577042192511e-07
  -2.14466283905488e-05  -1.09836767778492e-05   8.68422541012713e-07
  -2.19027361735758e-05  -1.11353343982197e-05   8.87492839083937e-07
  -2.23662914860505e-05  -1.12992017505351e-05   9.05105072702780e-07
  -2.28775460632270e-05  -1.14633144202993e-05   9.24710911397932e-07
  -2.33895654618664e-05  -1.16814427597677e-05   9.44285569474564e-07
  -2.38961182512436e-05  -1.18695395154788e-05   9.63742423142040e-07
  -2.44660868820275e-05  -1.20851902132651e-05   9.85159315506100e-07
  -2.50238839392839e-05  -1.23456093395201e-05   1.00498793641931e-06
  -2.55978964780277e-05  -1.26171965796075e-05   1.02683128587405e-06
  -2.61615961913083e-05  -1.29292294586822e-05   1.04792965196738e-06
  -2.67331844782050e-05  -1.32304282640109e-05   1.06898760603451e-06
  -2.73343273999996e-05  -1.35964803079441e-05   1.09127930464478e-06
  -2.78769230279109e-05  -1.39931302439633e-05   1.11163794652847e-06
  -2.84309645819974e-05  -1.43809052917375e-05   1.13373103674678e-06
  -2.89718183886601e-05  -1.48149016423270e-05   1.15426066616757e-06
  -2.94979553835884e-05  -1.52539334585939e-05   1.17471200663999e-06
  -3.00044368847107e-05  -1.57431734614641e-05   1.19553842699028e-06
  -3.04489824023345e-05  -1.62169496089253e-05   1.21417789561900e-06
  -3.09174759552719e-05  -1.66851153586254e-05   1.23423230579720e-06
  -3.13450775192405e-05  -1.72005182439448e-05   1.25211998784067e-06
  -3.17335960175470e-05  -1.76909954945731e-05   1.27014933097307e-06
  -3.21058003781644e-05  -1.81907823197441e-05   1.28800740648494e-06
  -3.24434286614157e-05  -1.86627062654411e-05   1.30387138399804e-06
  -3.27976585563317e-05  -1.91430230081681e-05   1.32106506146026e-06
  -3.30852734588391e-05  -1.96384004495788e-05   1.33588334207348e-06
  -3.33597058362167e-05  -2.00707769489238e-05   1.35130636452491e-06
  -3.36420127395856e-05  -2.05141038485466e-05   1.36625219892897e-06
  -3.38925027854533e-05  -2.09343591454533e-05   1.37975300284225e-06
  -3.41455356989994e-05  -2.13486727689050e-05   1.39470847799985e-06
  -3.43535825378314e-05  -2.17384969735794e-05   1.40743748964231e-06
  -3.45907332802332e-05  -2.20764869784587e-05   1.42135429021134e-06
  -3.48284452121968e-05  -2.24455182990936e-05   1.43458570547733e-06
  -3.50265637642873e-05  -2.27725425126942e-05   1.44700261744777e-06
  -3.52488522965326e-05  -2.30739177817073e-05   1.46087841884284e-06
  -3.54577393883337e-05  -2.33553898700616e-05   1.47274831271216e-06
  -3.57007757915890e-05  -2.36118684884021e-05   1.48634137891031e-06
  -3.59241532424717e-05  -2.38873047697900e-05   1.49911960001994e-06
  -3.61395594545121e-05  -2.40950781590571e-05   1.51177788595233e-06
  -3.64087958043500e-05  -2.43008319435383e-05   1.52581905693999e-06
  -3.66618197729922e-05  -2.45061863149950e-05   1.53815332904389e-06
  -3.69380641354236e-05  -2.46853621532721e-05   1.55260308390326e-06
  -3.72098920096615e-05  -2.48615183594004e-05   1.56608626420281e-06
  -3.75125458535931e-05  -2.49873057535193e-05   1.58013637606999e-06
  -3.78611192247386e-05  -2.51453676275742e-05   1.59546673231234e-06
  -3.81798783917695e-05  -2.52916096877983e-05   1.60951443784753e-06
  -3.85470412014021e-05  -2.54043596212222e-05   1.62595547908875e-06
  -3.89328506023824e-05  -2.55353332942239e-05   1.64129004053908e-06
  -3.93500052463763e-05  -2.56505620217453e-05   1.65777622204914e-06
  -3.97867117124113e-05  -2.58026595970648e-05   1.67525870310148e-06
  -4.02132010475367e-05  -2.59250305465977e-05   1.69183963323405e-06
  -4.07135637857974e-05  -2.60490575063866e-05   1.71092016641985e-06
  -4.12154363251234e-05  -2.62232393390158e-05   1.72878237848458e-06
  -4.17304379075076e-05  -2.63871874926069e-05   1.74824324923044e-06
  -4.22676332579740e-05  -2.65838498866875e-05   1.76822078633476e-06
  -4.28131931408557e-05  -2.67757527049121e-05   1.78752308676846e-06
  -4.34082823513563e-05  -2.70146158857210e-05   1.80902293338814e-06
  -4.39628471822730e-05  -2.72979479512225e-05   1.82891218547997e-06
  -4.45354410763226e-05  -2.75613082090274e-05   1.85043797570091e-06
  -4.51272835882659e-05  -2.78811515487101e-05   1.87170554308712e-06
  -4.57012544587721e-05  -2.82192768184501e-05   1.89230410554968e-06
  -4.62785550995111e-05  -2.86015164284519e-05   1.91442197592884e-06
  -4.68063676330654e-05  -2.89967213007137e-05   1.93438182311266e-06
  -4.73587147756859e-05  -2.93866819271496e-05   1.95574365487037e-06
  -4.78893901299038e-05  -2.98457406905935e-05   1.97593985134278e-06
  -4.83669634306816e-05  -3.02933806552617e-05   1.99545000805225e-06
  -4.88447618261253e-05  -3.07522038960993e-05   2.01581352846558e-06
  -4.92835247029877e-05  -3.12141227046813e-05   2.03379222555468e-06
  -4.97305814566423e-05  -3.16809634536562e-05   2.05311515320733e-06
  -5.01204400649779e-05  -3.21831222696857e-05   2.07068319567195e-06
  -5.04777134242395e-05  -3.26305567739214e-05   2.08786145877495e-06
  -5.08525006116869e-05  -3.30925113915521e-05   2.10545625679055e-06
  -5.11783906134389e-05  -3.35549834506653e-05   2.12081420480774e-06
  -5.14976888465948e-05  -3.39988653372106e-05   2.13766401613125e-06
  -5.17772959327293e-05  -3.44362311684037e-05   2.15257796341234e-06
  -5.20635575709082e-05  -3.48220500375935e-05   2.16772598810364e-06
  -5.23580465580336e-05  -3.52390085065512e-05   2.18307705713151e-06
  -5.25936898045610e-05  -3.56274484039059e-05   2.19664284577081e-06
  -5.28511914165431e-05  -3.59752201951922e-05   2.21191300399553e-06
  -5.30957600968547e-05  -3.63220812872567e-05   2.22524390808270e-06
  -5.33508542293284e-05  -3.66362007134383e-05   2.23946132781968e-06
  -5.35955073393024e-05  -3.69663208371014e-05   2.25371364295127e-06
  -5.38139419976288e-05  -3.72369851296448e-05   2.26678842764219e-06
  -5.40872209934421e-05  -3.74908567469525e-05   2.28171932819673e-06
  -5.43397007260807e-05  -3.77607025897815e-05   2.29478406320167e-06
  -5.45964530483306e-05  -3.79882893965870e-05   2.30929764132599e-06
  -5.48614126432463e-05  -3.82133267704607e-05   2.32361421807232e-06
  -5.51355450080647e-05  -3.83932520783624e-05   2.33735721550208e-06
  -5.54569648575426e-05  -3.85881238994596e-05   2.35299072837098e-06
  -5.57418909395293e-05  -3.87806650792098e-05   2.36696365099382e-06
  -5.60640342046333e-05  -3.89187312920833e-05   2.38292084363904e-06
  -5.64169412137745e-05  -3.90780255053447e-05   2.39847627857286e-06
  -5.67785025278124e-05  -3.92181164814493e-05   2.41407796115573e-06
  -5.71685073784435e-05  -3.93736943124668e-05   2.43146680094626e-06
  -5.75444467275418e-05  -3.95073604229586e-05   2.44741252338946e-06
  -5.79882856682523e-05  -3.96197391798302e-05   2.46570660844816e-06
  -5.84453717276876e-05  -3.97834196933199e-05   2.48338406104895e-06
  -5.89003989072941e-05  -3.99227640147296e-05   2.50170850081976e-06
  -5.93995333110666e-05  -4.00762343679067e-05   2.52157076546623e-06
  -5.99059357276249e-05  -4.02334940449114e-05   2.54017977569207e-06
  -6.04656632344780e-05  -4.04132846056213e-05   2.56124103198190e-06
  -6.10046861863697e-05  -4.06411653199215e-05   2.58131209862053e-06
  -6.15588654452009e-05  -4.08382234046702e-05   2.60237294789797e-06
  -6.21609689149067e-05  -4.10856519208238e-05   2.62443198668280e-06
  -6.27448954080769e-05  -4.13633984527073e-05   2.64529687563690e-06
  -6.33476636661520e-05  -4.16669317646408e-05   2.66835824662825e-06
  -6.39248773160031e-05  -4.20027229586314e-05   2.68981110123718e-06
  -6.45246194429890e-05  -4.23339803064805e-05   2.71222305661612e-06
  -6.51280152441713e-05  -4.27429144330749e-05   2.73471459217144e-06
  -6.56729383949811e-05  -4.31590184301976e-05   2.75581405060830e-06
  -6.62327915250370e-05  -4.35822505649561e-05   2.77849920001714e-06
  -6.67620711879451e-05  -4.40400254346320e-05   2.79893815868402e-06
  -6.72872239685430e-05  -4.45040731660743e-05   2.82027171582124e-06
  -6.77721198303901e-05  -4.50166350761606e-05   2.84083422899015e-06
  -6.82094323508396e-05  -4.54941621839709e-05   2.85999907578374e-06
  -6.86695953729890e-05  -4.59862946525338e-05   2.88023993647984e-06
  -6.90731683513884e-05  -4.65072553652758e-05   2.89792230661617e-06
  -6.94534688905903e-05  -4.70025500966283e-05   2.91661995400614e-06
  -6.98042079693685e-05  -4.75057663718875e-05   2.93403344857534e-06
  -7.01364572317310e-05  -4.79692043142902e-05   2.95048735046379e-06
  -7.04784190031980e-05  -4.84574743409040e-05   2.96781459347643e-06
  -7.07491186111557e-05  -4.89361752589376e-05   2.98269409200922e-06
  -7.10288119058091e-05  -4.93620439303798e-05   2.99889381442378e-06
  -7.13000485750260e-05  -4.98015114417834e-05   3.01355471804487e-06
  -7.15530578801025e-05  -5.02091732072447e-05   3.02787693756758e-06
  -7.18003935832142e-05  -5.06219402286398e-05   3.04293921788724e-06
  -7.20073211664586e-05  -5.09898387854992e-05   3.05594733057712e-06
  -7.22583374595083e-05  -5.13243973180060e-05   3.07069230207124e-06
  -7.24899756035744e-05  -5.16858034453882e-05   3.08384133124783e-06
  -7.27014927770031e-05  -5.19958967168051e-05   3.09732887154471e-06
  -7.29316047152282e-05  -5.22952928467491e-05   3.11137913422881e-06
  -7.31525121358111e-05  -5.25615447405788e-05   3.12382585013634e-06
  -7.34122858567508e-05  -5.28218732653161e-05   3.13825469755199e-06
  -7.36358961075969e-05  -5.30872791539159e-05   3.15105965140802e-06
  -7.38768905471102e-05  -5.32837691461921e-05   3.16488591652752e-06
  -7.41594338605796e-05  -5.34949059463271e-05   3.17911698208608e-06
  -7.44295929248337e-05  -5.36906627962253e-05   3.19229066864101e-06
  -7.47276614436508e-05  -5.38757964593987e-05   3.20757521530749e-06
  -7.50133963207397e-05  -5.40467217726371e-05   3.22126520562753e-06
  -7.53499814908964e-05  -5.41775267640267e-05   3.23656035864152e-06
  -7.57108712483601e-05  -5.43515267357281e-05   3.25203503909513e-06
  -7.60516837366359e-05  -5.44944610307146e-05   3.26705605121402e-06
  -7.64470332998574e-05  -5.46243049858960e-05   3.28425178028251e-06
  -7.68522168753986e-05  -5.47644262271228e-05   3.29997785800052e-06
  -7.73017583762973e-05  -5.49013752907789e-05   3.31775932314162e-06
  -7.77506998664323e-05  -5.50778027721869e-05   3.33538366138461e-06
  -7.82067141257685e-05  -5.52150597803349e-05   3.35303171240662e-06
  -7.87306375887881e-05  -5.53812748164646e-05   3.37261997071344e-06
  -7.92410759720409e-05  -5.55844840454441e-05   3.39075845677350e-06
  -7.97755489595049e-05  -5.57861524112282e-05   3.41115397231808e-06
  -8.03150680061783e-05  -5.60221206100361e-05   3.43091705104636e-06
  -8.08756566126716e-05  -5.62513499831066e-05   3.45098159746656e-06
  -8.14672801083170e-05  -5.65480641718823e-05   3.47239391085102e-06
  -8.20086437762648e-05  -5.68664579155313e-05   3.49213972117261e-06
  -8.25789924655775e-05  -5.71790587301107e-05   3.51387598309305e-06
  -8.31438634888802e-05  -5.75468347037036e-05   3.53419526783229e-06
  -8.36974336096935e-05  -5.79250116637853e-05   3.55481351551028e-06
  -8.42365563525523e-05  -5.83525524013683e-05   3.57594112224114e-06
  -8.47289412778840e-05  -5.87695252347057e-05   3.59515151442404e-06
  -8.52513339274293e-05  -5.91984939669188e-05   3.61591689704230e-06
  -8.57269039954465e-05  -5.96834355865852e-05   3.63454871214228e-06
  -8.61651134705459e-05  -6.01443931485486e-05   3.65351171315679e-06
  -8.65922548302983e-05  -6.06223309182930e-05   3.67223634079041e-06
  -8.69855647724413e-05  -6.10838630490671e-05   3.68911513960421e-06
  -8.73874713393659e-05  -6.15627792872106e-05   3.70736289922576e-06
  -8.77193887914181e-05  -6.20532787393133e-05   3.72323269818467e-06
  -8.80454629957677e-05  -6.24872688031479e-05   3.73979250351355e-06
  -8.83747140873726e-05  -6.29451579945056e-05   3.75569303952212e-06
  -8.86624112550758e-05  -6.33844328782200e-05   3.77018085705163e-06
  -8.89465127909130e-05  -6.38156828538242e-05   3.78597954604772e-06
  -8.91875714160167e-05  -6.42224285825982e-05   3.79944578617364e-06
  -8.94558535196647e-05  -6.45865948563783e-05   3.81411938314622e-06
  -8.97124390281682e-05  -6.49839736160052e-05   3.82794665364509e-06
  -8.99272021785432e-05  -6.53322431391682e-05   3.84102033679719e-06
  -9.01690230567460e-05  -6.56581202967158e-05   3.85538705634287e-06
  -9.03933889518926e-05  -6.59700781826821e-05   3.86766674777721e-06
  -9.06416976387276e-05  -6.62601275648534e-05   3.88163934810760e-06
  -9.08628697425682e-05  -6.65605604891767e-05   3.89460183974074e-06
  -9.10812427784353e-05  -6.67909604799375e-05   3.90750266251233e-06
  -9.13495263735230e-05  -6.70258781414332e-05   3.92165347642758e-06
  -9.15922730829978e-05  -6.72580258568173e-05   3.93409972982534e-06
  -9.18555877263581e-05  -6.74573541177047e-05   3.94861985279513e-06
  -9.21165551624985e-05  -6.76514210109500e-05   3.96198202040564e-06
  -9.24069491988455e-05  -6.77999032582257e-05   3.97593986930466e-06
  -9.27307045449319e-05  -6.79801861622304e-05   3.99097818055991e-06
  -9.30208242790575e-05  -6.81351351494134e-05   4.00472458035869e-06
  -9.33646977904974e-05  -6.82534121151176e-05   4.02083171158049e-06
  -9.37248812006043e-05  -6.83903414690402e-05   4.03575644422687e-06
  -9.41109001604380e-05  -6.85082671500747e-05   4.05194015280634e-06
  -9.45133810645636e-05  -6.86519826430166e-05   4.06896605924825e-06
  -9.49136376485159e-05  -6.87592824210391e-05   4.08514351375956e-06
  -9.53882486927287e-05  -6.88716941349390e-05   4.10377755262932e-06
  -9.58568992452425e-05  -6.90274641165275e-05   4.12114458598716e-06
  -9.63421182034745e-05  -6.91593215943867e-05   4.14024593274270e-06
  -9.68592364038307e-05  -6.93176977423890e-05   4.15982256843126e-06
  -9.73923887347680e-05  -6.94713888284583e-05   4.17893796477083e-06
  -9.79742042686950e-05  -6.96711794192486e-05   4.20030587724604e-06
  -9.85208872134661e-05  -6.99031921448460e-05   4.22015224064402e-06
  -9.91018701679040e-05  -7.01145875703029e-05   4.24185742917329e-06
  -9.97077529868428e-05  -7.03885073074956e-05   4.26335142044216e-06
  -1.00298038406730e-04  -7.06803781502245e-05   4.28448655123969e-06
  -1.00898742761404e-04  -7.10114969513969e-05   4.30729017482241e-06
  -1.01466000489322e-04  -7.13566656335212e-05   4.32818214081373e-06
  -1.02067652316385e-04  -7.17104389271405e-05   4.35074791258119e-06
  -1.02644988846889e-04  -7.21407711276012e-05   4.37219510846123e-06
  -1.03175395584674e-04  -7.25591602820800e-05   4.39319975601830e-06
  -1.03715272626126e-04  -7.29987959180279e-05   4.41505717002276e-06
  -1.04217659771232e-04  -7.34544655259923e-05   4.43463667604524e-06
  -1.04722436103417e-04  -7.39247567055391e-05   4.45565734869211e-06
  -1.05167972960754e-04  -7.44286422143654e-05   4.47488802843205e-06
  -1.05590031117607e-04  -7.48852868131979e-05   4.49388918201087e-06
  -1.06026276844425e-04  -7.53725274106584e-05   4.51318349871394e-06
  -1.06403543869021e-04  -7.58660794104584e-05   4.53024744947530e-06
  -1.06770228465929e-04  -7.63413944376686e-05   4.54873626891197e-06
  -1.07097997305669e-04  -7.68144925488532e-05   4.56512496987167e-06
  -1.07428792593523e-04  -7.72470756521470e-05   4.58176998600127e-06
  -1.07753639751901e-04  -7.77147207946159e-05   4.59841473910980e-06
  -1.08016297290379e-04  -7.81465836846712e-05   4.61327636671777e-06
  -1.08304164405133e-04  -7.85431524795180e-05   4.62970871672086e-06
  -1.08572482274430e-04  -7.89470034367777e-05   4.64399584621619e-06
  -1.08840098663565e-04  -7.93211204495714e-05   4.65910424499608e-06
  -1.09089243762191e-04  -7.97050480810608e-05   4.67395693263014e-06
  -1.09314763605875e-04  -8.00287588956120e-05   4.68757833092052e-06
  -1.09588638226911e-04  -8.03435512244280e-05   4.70287895918530e-06
  -1.09828841058252e-04  -8.06709757200399e-05   4.71619198795550e-06
  -1.10071276814925e-04  -8.09482127411828e-05   4.73094203655039e-06
  -1.10323103280502e-04  -8.12230878832817e-05   4.74524343469587e-06
  -1.10580378463130e-04  -8.14577436906793e-05   4.75893244467804e-06
  -1.10871561322009e-04  -8.17076869885869e-05   4.77428282397017e-06
  -1.11120630259686e-04  -8.19430413448030e-05   4.78781846933029e-06
  -1.11410366051497e-04  -8.21226320817637e-05   4.80325477803744e-06
  -1.11723879868159e-04  -8.23252495861189e-05   4.81806201831872e-06
  -1.12037457430161e-04  -8.25030599899035e-05   4.83294700436299e-06
  -1.12375957823014e-04  -8.26859168720015e-05   4.84941906126245e-06
  -1.12704696586817e-04  -8.28414461632648e-05   4.86434601899641e-06
  -1.13098569132239e-04  -8.29792130221110e-05   4.88152931192203e-06
  -1.13493682573179e-04  -8.31613835653409e-05   4.89788696635775e-06
  -1.13886923254209e-04  -8.33042394800494e-05   4.91492525836461e-06
  -1.14328975006421e-04  -8.34555604932898e-05   4.93333962352930e-06
  -1.14779073319154e-04  -8.36070836912693e-05   4.95055444068897e-06
  -1.15278610454024e-04  -8.37752816639423e-05   4.97024608263610e-06
  -1.15759820556589e-04  -8.39760892917149e-05   4.98886631183033e-06
  -1.16269270163089e-04  -8.41412598961429e-05   5.00858734030694e-06
  -1.16828620733260e-04  -8.43587740629278e-05   5.02920443303252e-06
  -1.17368768771548e-04  -8.45991389323471e-05   5.04875574435932e-06
  -1.17934708044025e-04  -8.48545483763267e-05   5.07056975337994e-06
  -1.18488626928056e-04  -8.51372771387697e-05   5.09086219437355e-06
  -1.19075421920714e-04  -8.54201633206446e-05   5.11241047209073e-06
  -1.19666238648915e-04  -8.57809163005263e-05   5.13410348015977e-06
  -1.20209215159896e-04  -8.61416610733730e-05   5.15466250979672e-06
  -1.20781534669243e-04  -8.65160748321792e-05   5.17690537429403e-06
  -1.21327901245848e-04  -8.69342692203386e-05   5.19701026538066e-06
  -1.21869780739503e-04  -8.73643314624879e-05   5.21822303033152e-06
  -1.22374257220865e-04  -8.78402702448652e-05   5.23866061562300e-06
  -1.22843896358214e-04  -8.82863722816166e-05   5.25793978128706e-06
  -1.23338155890903e-04  -8.87620044537425e-05   5.27833015131758e-06
  -1.23769839569689e-04  -8.92712457407565e-05   5.29620871834289e-06
  -1.24180299252519e-04  -8.97555780051863e-05   5.31516386886973e-06
  -1.24564728468401e-04  -9.02550044482524e-05   5.33269352688967e-06
  -1.24928956336244e-04  -9.07258475701658e-05   5.34935133325993e-06
  -1.25291182600617e-04  -9.12266935580431e-05   5.36675681220300e-06
  -1.25579921081087e-04  -9.17107848745840e-05   5.38172627734567e-06
  -1.25883701733891e-04  -9.21473843465900e-05   5.39805842915012e-06
  -1.26173940534044e-04  -9.26063614081252e-05   5.41272941588910e-06
  -1.26437615147088e-04  -9.30355162551601e-05   5.42711937094743e-06
  -1.26691294064322e-04  -9.34656768151419e-05   5.44204953403252e-06
  -1.26908067868819e-04  -9.38517786487146e-05   5.45488314554557e-06
  -1.27164284061084e-04  -9.42137516765468e-05   5.46937316002208e-06
  -1.27388083561263e-04  -9.46001046501374e-05   5.48210504722433e-06
  -1.27591898236796e-04  -9.49261914338864e-05   5.49524510519623e-06
  -1.27817652562113e-04  -9.52433086464312e-05   5.50879128600763e-06
  -1.28031658161290e-04  -9.55320604768894e-05   5.52075590402564e-06
  -1.28274459547210e-04  -9.58159371391811e-05   5.53461317325814e-06
  -1.28477548878801e-04  -9.60947624534949e-05   5.54671085702254e-06
  -1.28703716050116e-04  -9.63053738064195e-05   5.55986974403708e-06
  -1.28964824284499e-04  -9.65357472187162e-05   5.57325416580281e-06
  -1.29204774712607e-04  -9.67450302759470e-05   5.58565323372609e-06
  -1.29472177378460e-04  -9.69347229044036e-05   5.60011602922870e-06
  -1.29732244888552e-04  -9.71075975071788e-05   5.61293076786560e-06
  -1.30041879527294e-04  -9.72459124831966e-05   5.62739198706444e-06
  -1.30364155440709e-04  -9.74238739610697e-05   5.64184692976371e-06
  -1.30667031904507e-04  -9.75581262036043e-05   5.65590334040170e-06
  -1.31028807805675e-04  -9.76784914042712e-05   5.67202390679267e-06
  -1.31396979988545e-04  -9.78081550809848e-05   5.68665677555274e-06
  -1.31803866842780e-04  -9.79284567490453e-05   5.70344935268139e-06
  -1.32211317145269e-04  -9.80741734356280e-05   5.72002313192747e-06
  -1.32637119615347e-04  -9.81764144517565e-05   5.73679014298647e-06
  -1.33130751550313e-04  -9.83109088578613e-05   5.75545292884327e-06
  -1.33606567298436e-04  -9.84737552963459e-05   5.77274719918741e-06
  -1.34113177725159e-04  -9.86235451423772e-05   5.79242135390848e-06
  -1.34634982841605e-04  -9.88033641520511e-05   5.81146563246401e-06
  -1.35184962427818e-04  -9.89772723456373e-05   5.83109290246371e-06
  -1.35765950047202e-04  -9.92147995055942e-05   5.85216133213160e-06
  -1.36308401660494e-04  -9.94625474817886e-05   5.87181402226049e-06
  -1.36897072709973e-04  -9.97088072870462e-05   5.89366313470511e-06
  -1.37485791322909e-04  -1.00017495099843e-04   5.91420249976017e-06
  -1.38066472088569e-04  -1.00338229706077e-04   5.93536560764586e-06
  -1.38640569190150e-04  -1.00705926829848e-04   5.95712480034768e-06
  -1.39182846741666e-04  -1.01068097307073e-04   5.97725323850113e-06
  -1.39760767528291e-04  -1.01456597714437e-04   5.99915313020272e-06
  -1.40289690465772e-04  -1.01905597294962e-04   6.01905963673465e-06
  -1.40789860446056e-04  -1.02332566547078e-04   6.03954750280477e-06
  -1.41286365593258e-04  -1.02788993108400e-04   6.05975302813308e-06
  -1.41748944440632e-04  -1.03243112834064e-04   6.07825515234393e-06
  -1.42211728189589e-04  -1.03723689749639e-04   6.09810836614272e-06
  -1.42603075820502e-04  -1.04213960525464e-04   6.11554187955278e-06
  -1.42994586840455e-04  -1.04656971776770e-04   6.13376087878930e-06
  -1.43383005600836e-04  -1.05136274374956e-04   6.15120391988241e-06
  -1.43721543474904e-04  -1.05599901952202e-04   6.16732431026777e-06
  -1.44054132100755e-04  -1.06055681651981e-04   6.18462683196943e-06
  -1.44345120193770e-04  -1.06492117161311e-04   6.19950257005700e-06
  -1.44657854071847e-04  -1.06897548846343e-04   6.21557559818900e-06
  -1.44944280304569e-04  -1.07337118825304e-04   6.23059516294185e-06
  -1.45187535531194e-04  -1.07720602372528e-04   6.24489665614069e-06
  -1.45459430122747e-04  -1.08086512395128e-04   6.26034440067994e-06
  -1.45708345227402e-04  -1.08443975415299e-04   6.27366119797004e-06
  -1.45971639870642e-04  -1.08781124431797e-04   6.28862054226951e-06
  -1.46203517279808e-04  -1.09122038712466e-04   6.30232752514496e-06
  -1.46436435849795e-04  -1.09395574243182e-04   6.31596000155869e-06
  -1.46710846197688e-04  -1.09681632826223e-04   6.33061496176846e-06
  -1.46947780039369e-04  -1.09960190816061e-04   6.34350070269092e-06
  -1.47203991482325e-04  -1.10198339708264e-04   6.35840194050530e-06
  -1.47459694780812e-04  -1.10430601897015e-04   6.37200294992794e-06
  -1.47742037734921e-04  -1.10622405704393e-04   6.38625723136866e-06
  -1.48045513082856e-04  -1.10844446767299e-04   6.40137638644890e-06
  -1.48314343669430e-04  -1.11030313852144e-04   6.41515604974629e-06
  -1.48639866289862e-04  -1.11181800802316e-04   6.43117704691404e-06
  -1.48973863604298e-04  -1.11353853971697e-04   6.44584281015510e-06
  -1.49324667824704e-04  -1.11501038008796e-04   6.46179164880976e-06
  -1.49689892669370e-04  -1.11662087787852e-04   6.47840427635307e-06
  -1.50059489491925e-04  -1.11782646041666e-04   6.49422104410125e-06
  -1.50500227508360e-04  -1.11912349460522e-04   6.51240705116697e-06
  -1.50925563331079e-04  -1.12076994125085e-04   6.52921570926092e-06
  -1.51371010564912e-04  -1.12205665611202e-04   6.54780114161909e-06
  -1.51853067884912e-04  -1.12357805922534e-04   6.56671434125196e-06
  -1.52351426352892e-04  -1.12503614102935e-04   6.58528959674712e-06
  -1.52893593330346e-04  -1.12688161243299e-04   6.60612380439357e-06
  -1.53407619681325e-04  -1.12889010672477e-04   6.62552957380283e-06
  -1.53970819325390e-04  -1.13068507832027e-04   6.64698662690339e-06
  -1.54561408108590e-04  -1.13313818555245e-04   6.66821481168869e-06
  -1.55137934675564e-04  -1.13571915462915e-04   6.68930321350957e-06
  -1.55733788763413e-04  -1.13862729177435e-04   6.71208981851865e-06
  -1.56309779039389e-04  -1.14168597523728e-04   6.73310639412188e-06
  -1.56926213791356e-04  -1.14492038501524e-04   6.75600390149151e-06
  -1.57516985480339e-04  -1.14891271654365e-04   6.77786102160730e-06
  -1.58073422918433e-04  -1.15274868035627e-04   6.79958319349060e-06
  -1.58651225973829e-04  -1.15690752736004e-04   6.82219906661619e-06
  -1.59193664199842e-04  -1.16134755199931e-04   6.84266939121712e-06
  -1.59734793561712e-04  -1.16600785039457e-04   6.86466279687192e-06
  -1.60218633583366e-04  -1.17099967568397e-04   6.88479818676753e-06
  -1.60686891217823e-04  -1.17562129640457e-04   6.90482544109816e-06
  -1.61163635251831e-04  -1.18068718569803e-04   6.92502871000915e-06
  -1.61573469691762e-04  -1.18583107044372e-04   6.94305970015866e-06
  -1.61974038564423e-04  -1.19080222997534e-04   6.96246415632269e-06
  -1.62337098413812e-04  -1.19583113423320e-04   6.97959455236848e-06
  -1.62697557634574e-04  -1.20057382465271e-04   6.99696088981177e-06
  -1.63037529375802e-04  -1.20568948750490e-04   7.01406151182853e-06
  -1.63313422286991e-04  -1.21038490431252e-04   7.02932185486487e-06
  -1.63614980536556e-04  -1.21479160476704e-04   7.04599567639783e-06
  -1.63888075194669e-04  -1.21931775125719e-04   7.06038772018222e-06
  -1.64151334883186e-04  -1.22353006975539e-04   7.07561539653165e-06
  -1.64393221815739e-04  -1.22778050663247e-04   7.09034391011419e-06
  -1.64614527950863e-04  -1.23145355178540e-04   7.10379534082770e-06
  -1.64875741496556e-04  -1.23511822088071e-04   7.11871125492834e-06
  -1.65090287482546e-04  -1.23885426142831e-04   7.13146006074333e-06
  -1.65306649016183e-04  -1.24201132313124e-04   7.14556454517119e-06
  -1.65532053797909e-04  -1.24514852603551e-04   7.15896729030743e-06
  -1.65758363077347e-04  -1.24790353691181e-04   7.17177562779205e-06
  -1.66007920458715e-04  -1.25077720793852e-04   7.18606287841510e-06
  -1.66215027534737e-04  -1.25339358712461e-04   7.19841517072664e-06
  -1.66466519089908e-04  -1.25547618350894e-04   7.21258800280226e-06
  -1.66732899675313e-04  -1.25781255963912e-04   7.22589745110541e-06
  -1.66990421726832e-04  -1.25982540362976e-04   7.23929243945418e-06
  -1.67271359707680e-04  -1.26178267491082e-04   7.25407908096199e-06
  -1.67546570703330e-04  -1.26342044294598e-04   7.26730225468773e-06
  -1.67883773661057e-04  -1.26490224285725e-04   7.28277437254375e-06
  -1.68212674092371e-04  -1.26673809172074e-04   7.29726954328575e-06
  -1.68543947484937e-04  -1.26805642026536e-04   7.31248922876633e-06
  -1.68927555294070e-04  -1.26944627985546e-04   7.32890624673458e-06
  -1.69316272236783e-04  -1.27081128932735e-04   7.34414683260593e-06
  -1.69748348235550e-04  -1.27225597121101e-04   7.36185404073305e-06
  -1.70165838771176e-04  -1.27385766119993e-04   7.37845466343569e-06
  -1.70623833447022e-04  -1.27505613786378e-04   7.39636963176785e-06
  -1.71132578254023e-04  -1.27677505250043e-04   7.41518540777227e-06
  -1.71622747855949e-04  -1.27861470140961e-04   7.43314707724257e-06
  -1.72149225856730e-04  -1.28050300731641e-04   7.45348069341466e-06
  -1.72676284341025e-04  -1.28263804255850e-04   7.47240730436065e-06
  -1.73243366392768e-04  -1.28480592900186e-04   7.49288048571305e-06
  -1.73814762290607e-04  -1.28769723512023e-04   7.51359071389482e-06
  -1.74353712057000e-04  -1.29048836337029e-04   7.53352548422551e-06
  -1.74938906651016e-04  -1.29348045209407e-04   7.55536016061594e-06
  -1.75504738770310e-04  -1.29698677811235e-04   7.57527753430207e-06
  -1.76069968589286e-04  -1.30064441778892e-04   7.59659069523359e-06
  -1.76606958110726e-04  -1.30475492875541e-04   7.61719476998564e-06
  -1.77122967857221e-04  -1.30866304966667e-04   7.63693448252994e-06
  -1.77664073878529e-04  -1.31301769375869e-04   7.65787212728629e-06
  -1.78139071694389e-04  -1.31772490669335e-04   7.67646222229630e-06
  -1.78601347238105e-04  -1.32220210414780e-04   7.69633813459794e-06
  -1.79044023547320e-04  -1.32694553013845e-04   7.71478745641354e-06
  -1.79465588719385e-04  -1.33154283619739e-04   7.73253783416208e-06
  -1.79875829552742e-04  -1.33650320076159e-04   7.75094260252345e-06
  -1.80214042957743e-04  -1.34127783434662e-04   7.76692486278685e-06
  -1.80570882066536e-04  -1.34569344469002e-04   7.78427058760211e-06
  -1.80905013784359e-04  -1.35042854445147e-04   7.79982735380044e-06
  -1.81204523140180e-04  -1.35486116463532e-04   7.81521392151355e-06
  -1.81493798343948e-04  -1.35928233709427e-04   7.83101767603122e-06
  -1.81749726792573e-04  -1.36331970923719e-04   7.84474840094799e-06
  -1.82038324634783e-04  -1.36722922081438e-04   7.86007809923928e-06
  -1.82281845894216e-04  -1.37135979681167e-04   7.87350338495668e-06
  -1.82507004242462e-04  -1.37484102304715e-04   7.88738371341395e-06
  -1.82753604034641e-04  -1.37829176650623e-04   7.90148288340719e-06
  -1.82981768393405e-04  -1.38149845285953e-04   7.91403713885714e-06
  -1.83229246331500e-04  -1.38463660915882e-04   7.92843043721807e-06
  -1.83437385554676e-04  -1.38764554930061e-04   7.94095787064708e-06
  -1.83673186167986e-04  -1.39002913165147e-04   7.95455682461038e-06
  -1.83934263615462e-04  -1.39267835430866e-04   7.96814139567420e-06
  -1.84164604447390e-04  -1.39506017406142e-04   7.98072823637972e-06
  -1.84421866157168e-04  -1.39718875660870e-04   7.99522215286012e-06
  -1.84672364881938e-04  -1.39914925948880e-04   8.00795678324764e-06
  -1.84967154872294e-04  -1.40080088631555e-04   8.02237679697252e-06
  -1.85263798484077e-04  -1.40278152650989e-04   8.03663251198346e-06
  -1.85544964931204e-04  -1.40422473124148e-04   8.05054422653711e-06
  -1.85887269665562e-04  -1.40556595957269e-04   8.06636139684446e-06
  -1.86228810408044e-04  -1.40700453175904e-04   8.08060855451551e-06
  -1.86601296964412e-04  -1.40828345162973e-04   8.09700267944627e-06
  -1.86974423093281e-04  -1.40969674375452e-04   8.11300115038088e-06
  -1.87372238759432e-04  -1.41064705068887e-04   8.12929320359267e-06
  -1.87833575312567e-04  -1.41192709873662e-04   8.14740989108791e-06
  -1.88272740434338e-04  -1.41337150603806e-04   8.16421949623588e-06
  -1.88750729304140e-04  -1.41458741984289e-04   8.18346491953401e-06
  -1.89250388102693e-04  -1.41608699389142e-04   8.20201100939427e-06
  -1.89779985373930e-04  -1.41752781506694e-04   8.22133044335568e-06
  -1.90337323264043e-04  -1.41952724607841e-04   8.24208345027513e-06
  -1.90866942065929e-04  -1.42149625320331e-04   8.26162118764381e-06
  -1.91456619662023e-04  -1.42347055911780e-04   8.28356641800411e-06
  -1.92050058693861e-04  -1.42608994404123e-04   8.30435008343539e-06
  -1.92640751884109e-04  -1.42879366845762e-04   8.32608335206068e-06
  -1.93236460127793e-04  -1.43193793734443e-04   8.34846661121826e-06
  -1.93814665197506e-04  -1.43508861149712e-04   8.36946383577201e-06
  -1.94431822578301e-04  -1.43862544434289e-04   8.39237323023417e-06
  -1.94998333345256e-04  -1.44276469403445e-04   8.41337935296835e-06
  -1.95547995597644e-04  -1.44668501329965e-04   8.43522555488574e-06
  -1.96102615515244e-04  -1.45101609469906e-04   8.45682789613659e-06
  -1.96624888639603e-04  -1.45544434404926e-04   8.47696045801167e-06
  -1.97143174544636e-04  -1.46020702709327e-04   8.49846912773221e-06
  -1.97593949372914e-04  -1.46507753684405e-04   8.51754523722213e-06
  -1.98050643558816e-04  -1.46961494631600e-04   8.53748874368400e-06
  -1.98495437082726e-04  -1.47464742812783e-04   8.55650477238645e-06
  -1.98882140035053e-04  -1.47953079347882e-04   8.57427010248071e-06
  -1.99263492652778e-04  -1.48434462500857e-04   8.59311413637521e-06
  -1.99604941001084e-04  -1.48904050497106e-04   8.60949240469467e-06
  -1.99961825063335e-04  -1.49354829234974e-04   8.62706119463257e-06
  -2.00279290677884e-04  -1.49840080605764e-04   8.64334128773474e-06
  -2.00554628141123e-04  -1.50266283417359e-04   8.65888897205060e-06
  -2.00856814611340e-04  -1.50684159019276e-04   8.67535955888478e-06
  -2.01125577594249e-04  -1.51098740660439e-04   8.68960099610195e-06
  -2.01397935313802e-04  -1.51490694742026e-04   8.70542665515725e-06
  -2.01637353364010e-04  -1.51879575293210e-04   8.71982501117164e-06
  -2.01881160434236e-04  -1.52205913802254e-04   8.73419376528559e-06
  -2.02156309350390e-04  -1.52552685107551e-04   8.74936011644773e-06
  -2.02383010276445e-04  -1.52886088157835e-04   8.76266025797799e-06
  -2.02629166555575e-04  -1.53174916112772e-04   8.77782985751491e-06
  -2.02872617824369e-04  -1.53460605853599e-04   8.79145312680250e-06
  -2.03134699452586e-04  -1.53709366376446e-04   8.80569261913355e-06
  -2.03405234790529e-04  -1.53981924730736e-04   8.82054599048033e-06
  -2.03643254549228e-04  -1.54207715553476e-04   8.83401677040081e-06
  -2.03939697312840e-04  -1.54403737593563e-04   8.84958024931741e-06
  -2.04234426366732e-04  -1.54621837212339e-04   8.86356922735986e-06
  -2.04537113925871e-04  -1.54807740440785e-04   8.87878578129411e-06
  -2.04852775846590e-04  -1.54998241773708e-04   8.89438478605826e-06
  -2.05174688003169e-04  -1.55146408816235e-04   8.90914333018891e-06
  -2.05559452783414e-04  -1.55304610805955e-04   8.92612190045538e-06
  -2.05919820911762e-04  -1.55484217632364e-04   8.94161406026712e-06
  -2.06306547133385e-04  -1.55616539558344e-04   8.95890284237478e-06
  -2.06732333593363e-04  -1.55771451087656e-04   8.97630878051333e-06
  -2.07170962294302e-04  -1.55917531140999e-04   8.99340169526818e-06
  -2.07647027855083e-04  -1.56092357320486e-04   9.01262161448469e-06
  -2.08100822838376e-04  -1.56268291375824e-04   9.03036856753706e-06
  -2.08612641068975e-04  -1.56421165524470e-04   9.05024567884546e-06
  -2.09149654120800e-04  -1.56636533963076e-04   9.06985266262031e-06
  -2.09675219969621e-04  -1.56851833521599e-04   9.08956313872162e-06
  -2.10232240163458e-04  -1.57090960752220e-04   9.11101628519933e-06
  -2.10782068706311e-04  -1.57344820251777e-04   9.13085377697072e-06
  -2.11376849070103e-04  -1.57620778737283e-04   9.15276347436036e-06
  -2.11946371903640e-04  -1.57965812436225e-04   9.17368433998700e-06
  -2.12496964549361e-04  -1.58289315675409e-04   9.19475433236009e-06
  -2.13080348930554e-04  -1.58652618516159e-04   9.21679366255302e-06
  -2.13632410355173e-04  -1.59049406568371e-04   9.23693337696306e-06
  -2.14186206087952e-04  -1.59469574255856e-04   9.25878375457494e-06
  -2.14692786170274e-04  -1.59922686365854e-04   9.27880467375064e-06
  -2.15194763626297e-04  -1.60350926691874e-04   9.29891587092404e-06
  -2.15701327385735e-04  -1.60836649460184e-04   9.31914828119842e-06
  -2.16137220527904e-04  -1.61329842932738e-04   9.33732476216547e-06
  -2.16569687097765e-04  -1.61808239889872e-04   9.35689603048008e-06
  -2.16967636624257e-04  -1.62301113807326e-04   9.37417334375915e-06
  -2.17359966311808e-04  -1.62775838389391e-04   9.39183563801406e-06
  -2.17723345568046e-04  -1.63288985387597e-04   9.40910362830398e-06
  -2.18027053827846e-04  -1.63758532864894e-04   9.42457221763169e-06
  -2.18357513527323e-04  -1.64210867500593e-04   9.44134835357207e-06
  -2.18649665005512e-04  -1.64681659567656e-04   9.45573356533958e-06
  -2.18923949686348e-04  -1.65119008431208e-04   9.47097433999822e-06
  -2.19176470000994e-04  -1.65556069919862e-04   9.48553632552821e-06
  -2.19411605484676e-04  -1.65939597705565e-04   9.49890873942440e-06
  -2.19678908938932e-04  -1.66329853985663e-04   9.51366081310979e-06
  -2.19890684059122e-04  -1.66721262785426e-04   9.52618292187576e-06
  -2.20108110848366e-04  -1.67051716188107e-04   9.54006583230974e-06
  -2.20333475096353e-04  -1.67385426789300e-04   9.55307185208291e-06
  -2.20552987748634e-04  -1.67684321912036e-04   9.56555389328961e-06
  -2.20785761325880e-04  -1.67990212660977e-04   9.57938558051719e-06
  -2.20978991640604e-04  -1.68261111021889e-04   9.59127896954675e-06
  -2.21220713932874e-04  -1.68483836767063e-04   9.60503233690503e-06
  -2.21468843216678e-04  -1.68735220550615e-04   9.61777821861732e-06
  -2.21702245394045e-04  -1.68947717896010e-04   9.63065261809483e-06
  -2.21960468453126e-04  -1.69149807468026e-04   9.64472272716363e-06
  -2.22214500631743e-04  -1.69321258255573e-04   9.65719368278573e-06
  -2.22523125077327e-04  -1.69480779130297e-04   9.67186911480333e-06
  -2.22813648915723e-04  -1.69665071455263e-04   9.68543847418383e-06
  -2.23113120642954e-04  -1.69787909414769e-04   9.69984667067003e-06
  -2.23467244809681e-04  -1.69920405503950e-04   9.71533594416044e-06
  -2.23821623413486e-04  -1.70049598795343e-04   9.72969508933257e-06
  -2.24213576007479e-04  -1.70179188406739e-04   9.74647369396241e-06
  -2.24594792884845e-04  -1.70313236065721e-04   9.76204778039123e-06
  -2.25022804103382e-04  -1.70407301441727e-04   9.77903936195789e-06
  -2.25495351108987e-04  -1.70552386870796e-04   9.79683133172314e-06
  -2.25947822561210e-04  -1.70695101102645e-04   9.81393275713724e-06
  -2.26447271706725e-04  -1.70833272204041e-04   9.83348283172554e-06
  -2.26956381322576e-04  -1.70994812626888e-04   9.85170392858623e-06
  -2.27508370970637e-04  -1.71161054688931e-04   9.87168601441559e-06
  -2.28064124642983e-04  -1.71390752469597e-04   9.89191739186547e-06
  -2.28602425825702e-04  -1.71601395475581e-04   9.91165274288611e-06
  -2.29198712154465e-04  -1.71837777722748e-04   9.93343659369107e-06
  -2.29778499594395e-04  -1.72127084647631e-04   9.95353821862718e-06
  -2.30364193790521e-04  -1.72427488693123e-04   9.97539160795311e-06
  -2.30936102490846e-04  -1.72771437902706e-04   9.99668397957147e-06
  -2.31502166597260e-04  -1.73105481925181e-04   1.00174541378313e-05
  -2.32094394147411e-04  -1.73497613724647e-04   1.00395172322862e-05
  -2.32620886905523e-04  -1.73924983270107e-04   1.00593901390429e-05
  -2.33146187563261e-04  -1.74334543191903e-04   1.00807145108864e-05
  -2.33656502849590e-04  -1.74783916181070e-04   1.01006015100065e-05
  -2.34144088949095e-04  -1.75230098822318e-04   1.01200155106085e-05
  -2.34615515915454e-04  -1.75716163389101e-04   1.01400712269045e-05
  -2.35021680174137e-04  -1.76185682786852e-04   1.01577860171099e-05
  -2.35449751123361e-04  -1.76635524347304e-04   1.01768765139430e-05
  -2.35844708001018e-04  -1.77128342824028e-04   1.01940412838107e-05
  -2.36198057350387e-04  -1.77591388019006e-04   1.02110930446302e-05
  -2.36541005883321e-04  -1.78055343730787e-04   1.02283704685703e-05
  -2.36850288234048e-04  -1.78488532608546e-04   1.02435787730032e-05
  -2.37183144097559e-04  -1.78918107688517e-04   1.02603423359518e-05
  -2.37460987456204e-04  -1.79365530150209e-04   1.02750750643189e-05
  -2.37724713849053e-04  -1.79747415284877e-04   1.02902819406191e-05
  -2.38006878269105e-04  -1.80135821652860e-04   1.03054690054277e-05
  -2.38260864527213e-04  -1.80504279605783e-04   1.03190865104556e-05
  -2.38524029082887e-04  -1.80862988364162e-04   1.03344029745633e-05
  -2.38747749068647e-04  -1.81202815463120e-04   1.03477131897352e-05
  -2.39000402525097e-04  -1.81485790363813e-04   1.03621410449342e-05
  -2.39267580827162e-04  -1.81799107425879e-04   1.03763991037569e-05
  -2.39497847192768e-04  -1.82078211038344e-04   1.03897100114732e-05
  -2.39757311048817e-04  -1.82330160078999e-04   1.04047761596063e-05
  -2.40008627642446e-04  -1.82569130878927e-04   1.04179550454879e-05
  -2.40295771479481e-04  -1.82781737731309e-04   1.04327856576330e-05
  -2.40573413596831e-04  -1.83019509889732e-04   1.04472096097081e-05
  -2.40839369842671e-04  -1.83195639951243e-04   1.04612993424772e-05
  -2.41165949297350e-04  -1.83366056330624e-04   1.04771387169213e-05
  -2.41483302316353e-04  -1.83545394176871e-04   1.04913442925450e-05
  -2.41825642623063e-04  -1.83701732717718e-04   1.05076504023089e-05
  -2.42169771068954e-04  -1.83864072741576e-04   1.05233303101288e-05
  -2.42540759573946e-04  -1.83981609557775e-04   1.05393202880406e-05
  -2.42965292405258e-04  -1.84133086313961e-04   1.05569435905689e-05
  -2.43360811831193e-04  -1.84286942755735e-04   1.05732225314477e-05
  -2.43801623851631e-04  -1.84408903332885e-04   1.05919354140756e-05
  -2.44266699687885e-04  -1.84557524148141e-04   1.06098601350835e-05
  -2.44760042055795e-04  -1.84698227138534e-04   1.06286876819831e-05
  -2.45277378514942e-04  -1.84884546131348e-04   1.06488277602820e-05
  -2.45776915957896e-04  -1.85056562328902e-04   1.06678225211847e-05
  -2.46344236468399e-04  -1.85231788900630e-04   1.06892695690763e-05
  -2.46912652586343e-04  -1.85469110394976e-04   1.07095573610188e-05
  -2.47481907846998e-04  -1.85704019941390e-04   1.07310310889226e-05
  -2.48068764360851e-04  -1.85976275359019e-04   1.07532098820676e-05
  -2.48651628451032e-04  -1.86252032286136e-04   1.07742925878925e-05
  -2.49276612333547e-04  -1.86573494983959e-04   1.07974507473094e-05
  -2.49853268513045e-04  -1.86950078787327e-04   1.08188187899562e-05
  -2.50428583156774e-04  -1.87305790774151e-04   1.08412796766483e-05
  -2.51016108788726e-04  -1.87714312825384e-04   1.08635097183839e-05
  -2.51571477695604e-04  -1.88140622793139e-04   1.08844939595341e-05
  -2.52122226159701e-04  -1.88601899238411e-04   1.09069123853856e-05
  -2.52614851812273e-04  -1.89075246364866e-04   1.09269639433149e-05
  -2.53120533414961e-04  -1.89530687342519e-04   1.09480017905879e-05
  -2.53606244790501e-04  -1.90047984728776e-04   1.09679617305203e-05
  -2.54029329353822e-04  -1.90550550699883e-04   1.09867179586541e-05
  -2.54449656624677e-04  -1.91051197479062e-04   1.10063888162876e-05
  -2.54828525234645e-04  -1.91549819545372e-04   1.10235013275657e-05
  -2.55213441796832e-04  -1.92038871649873e-04   1.10417703825051e-05
  -2.55548590002375e-04  -1.92558388741292e-04   1.10585557492598e-05
  -2.55846449400885e-04  -1.93017638752341e-04   1.10746372300405e-05
  -2.56168644442503e-04  -1.93479684596581e-04   1.10914163057658e-05
  -2.56446026465851e-04  -1.93942648016140e-04   1.11058415713978e-05
  -2.56718179408065e-04  -1.94379631934942e-04   1.11217196264691e-05
  -2.56956465660785e-04  -1.94809734207252e-04   1.11359105623666e-05
  -2.57198390916102e-04  -1.95182651982542e-04   1.11500485076523e-05
  -2.57459065303990e-04  -1.95579136907449e-04   1.11647602968059e-05
  -2.57664150055634e-04  -1.95951750579405e-04   1.11775727331831e-05
  -2.57892816345761e-04  -1.96277199572047e-04   1.11921568618501e-05
  -2.58116220838415e-04  -1.96603615139868e-04   1.12049936747544e-05
  -2.58349763066459e-04  -1.96895280453932e-04   1.12184398068525e-05
  -2.58581726072129e-04  -1.97202777676389e-04   1.12322629891874e-05
  -2.58784718744492e-04  -1.97455548504000e-04   1.12446781058284e-05
  -2.59045280454713e-04  -1.97683033356235e-04   1.12590796844770e-05
  -2.59293956162607e-04  -1.97930081931375e-04   1.12717960542832e-05
  -2.59546881749609e-04  -1.98135053000284e-04   1.12857783210102e-05
  -2.59815647400498e-04  -1.98338880317563e-04   1.12999173770879e-05
  -2.60092002606642e-04  -1.98501803512675e-04   1.13131952293911e-05
  -2.60421688068322e-04  -1.98675869930480e-04   1.13285278668227e-05
  -2.60719542187793e-04  -1.98857548878615e-04   1.13422416020342e-05
  -2.61049996659347e-04  -1.98983672566551e-04   1.13577574093179e-05
  -2.61419054773039e-04  -1.99131446775819e-04   1.13732392960558e-05
  -2.61796989149834e-04  -1.99265055282333e-04   1.13885327260883e-05
  -2.62209630659272e-04  -1.99415776242233e-04   1.14058875871095e-05
  -2.62608303919911e-04  -1.99556306361888e-04   1.14217658383169e-05
  -2.63071240457350e-04  -1.99674922423181e-04   1.14398498545667e-05
  -2.63554147458431e-04  -1.99851891899105e-04   1.14575935095140e-05
  -2.64028049551679e-04  -2.00014015679498e-04   1.14756361654188e-05
  -2.64544804316831e-04  -2.00191388629102e-04   1.14954521225242e-05
  -2.65064741513330e-04  -2.00381074818930e-04   1.15138720406567e-05
  -2.65633960342999e-04  -2.00592924838248e-04   1.15346225315509e-05
  -2.66182604382072e-04  -2.00863654837103e-04   1.15544958757302e-05
  -2.66731039752195e-04  -2.01108858276701e-04   1.15748499690193e-05
  -2.67322849873946e-04  -2.01402050641940e-04   1.15962949084420e-05
  -2.67886785151390e-04  -2.01731561632753e-04   1.16161445254480e-05
  -2.68458548797256e-04  -2.02082227112583e-04   1.16379709048499e-05
  -2.68997224807430e-04  -2.02465537076749e-04   1.16581621975293e-05
  -2.69544542217847e-04  -2.02835936661545e-04   1.16788374800282e-05
  -2.70095954884891e-04  -2.03275444544883e-04   1.16997411048735e-05
  -2.70579662317273e-04  -2.03722576756786e-04   1.17188199650319e-05
  -2.71070349913147e-04  -2.04163344308985e-04   1.17393751478917e-05
  -2.71528994291043e-04  -2.04632268689857e-04   1.17576468644993e-05
  -2.71977385831206e-04  -2.05094762107660e-04   1.17764467335902e-05
  -2.72390434833353e-04  -2.05596164543276e-04   1.17947524985845e-05
  -2.72751046760431e-04  -2.06055785644032e-04   1.18113939363524e-05
  -2.73139341766816e-04  -2.06512855298205e-04   1.18293246701337e-05
  -2.73479802104867e-04  -2.06995968575488e-04   1.18448156294793e-05
  -2.73797465478163e-04  -2.07445493719113e-04   1.18611888915100e-05
  -2.74094180986817e-04  -2.07897103327286e-04   1.18766870641717e-05
  -2.74372784130231e-04  -2.08304196316285e-04   1.18910369260044e-05
  -2.74671540768172e-04  -2.08725360028169e-04   1.19066286156181e-05
  -2.74906888485846e-04  -2.09139890424545e-04   1.19199390751415e-05
  -2.75153337956850e-04  -2.09493512970013e-04   1.19346455216335e-05
  -2.75405011705440e-04  -2.09858383365678e-04   1.19483135596523e-05
  -2.75642507553434e-04  -2.10192452199370e-04   1.19614973218209e-05
  -2.75884776736023e-04  -2.10529475740517e-04   1.19758400361855e-05
  -2.76090077487709e-04  -2.10827693781402e-04   1.19881753507337e-05
  -2.76342501052191e-04  -2.11085834373593e-04   1.20023298679907e-05
  -2.76588477630147e-04  -2.11373352565324e-04   1.20153171099599e-05
  -2.76815526707939e-04  -2.11612495062350e-04   1.20285301221731e-05
  -2.77070799164963e-04  -2.11838988027375e-04   1.20428107394384e-05
  -2.77321784370801e-04  -2.12038808622692e-04   1.20554959209010e-05
  -2.77618046680186e-04  -2.12230521006487e-04   1.20703172009434e-05
  -2.77887854224899e-04  -2.12437066219981e-04   1.20838521679193e-05
  -2.78172009666072e-04  -2.12577744441592e-04   1.20982450041548e-05
  -2.78507248538439e-04  -2.12732471199529e-04   1.21135075060653e-05
  -2.78833935011947e-04  -2.12880129306084e-04   1.21276506585075e-05
  -2.79194086249518e-04  -2.13018152472571e-04   1.21441539666273e-05
  -2.79548483145847e-04  -2.13152770363633e-04   1.21593428610215e-05
  -2.79952495672008e-04  -2.13250532160895e-04   1.21759939798324e-05
  -2.80391341173548e-04  -2.13397753974917e-04   1.21932622082559e-05
  -2.80808213779438e-04  -2.13528177510832e-04   1.22098965912786e-05
  -2.81279510545362e-04  -2.13647970228407e-04   1.22289254009802e-05
  -2.81762877202336e-04  -2.13789133238907e-04   1.22466243322573e-05
  -2.82287922552912e-04  -2.13931384927314e-04   1.22662653417959e-05
  -2.82817780647999e-04  -2.14124150258795e-04   1.22861462825897e-05
  -2.83345560755980e-04  -2.14290557113960e-04   1.23057555567496e-05
  -2.83939045578900e-04  -2.14488356668442e-04   1.23274630755450e-05
  -2.84515670989247e-04  -2.14737241333992e-04   1.23476185966628e-05
  -2.85104638112937e-04  -2.14989953282422e-04   1.23697511338445e-05
  -2.85692715478562e-04  -2.15283813587349e-04   1.23913845132150e-05
  -2.86286692095375e-04  -2.15574089513650e-04   1.24128383902948e-05
  -2.86908017919040e-04  -2.15928813378922e-04   1.24357444550782e-05
  -2.87469743317548e-04  -2.16314153598064e-04   1.24567067746171e-05
  -2.88045809480924e-04  -2.16688430165589e-04   1.24793459484761e-05
  -2.88611697496856e-04  -2.17116196900886e-04   1.25005917138702e-05
  -2.89153626227279e-04  -2.17550590897761e-04   1.25216078007808e-05
  -2.89677650139066e-04  -2.18027076144055e-04   1.25432421954170e-05
  -2.90144788615133e-04  -2.18490938397712e-04   1.25626467245274e-05
  -2.90636492616113e-04  -2.18950890887498e-04   1.25835037840412e-05
  -2.91086415553876e-04  -2.19462488181243e-04   1.26023736006077e-05
  -2.91493006940726e-04  -2.19945024056257e-04   1.26212102565299e-05
  -2.91891463146392e-04  -2.20435699672727e-04   1.26400667764184e-05
  -2.92253972058629e-04  -2.20906907720128e-04   1.26568277196919e-05
  -2.92628343720673e-04  -2.21383931608722e-04   1.26750265698468e-05
  -2.92938394765513e-04  -2.21873898534468e-04   1.26910163712960e-05
  -2.93238269738628e-04  -2.22299905635025e-04   1.27074969387581e-05
  -2.93551616132380e-04  -2.22742047424367e-04   1.27237597561026e-05
  -2.93826891429305e-04  -2.23167208764139e-04   1.27384525437359e-05
  -2.94104142730526e-04  -2.23579961370158e-04   1.27546679191404e-05
  -2.94342427822232e-04  -2.23972699061536e-04   1.27686821856253e-05
  -2.94606792126263e-04  -2.24317342964174e-04   1.27837565568742e-05
  -2.94870625903161e-04  -2.24694820475964e-04   1.27983858853002e-05
  -2.95091132308687e-04  -2.25028318914106e-04   1.28120382334158e-05
  -2.95342719637498e-04  -2.25333598947684e-04   1.28272749980420e-05
  -2.95582762627071e-04  -2.25629342067935e-04   1.28405157984279e-05
  -2.95849116167273e-04  -2.25901174116649e-04   1.28553572494485e-05
  -2.96097016701719e-04  -2.26189533139468e-04   1.28695209239060e-05
  -2.96337090113812e-04  -2.26412257585008e-04   1.28833229285728e-05
  -2.96632707643621e-04  -2.26635276814606e-04   1.28986536004974e-05
  -2.96906727165100e-04  -2.26863492912401e-04   1.29122373692442e-05
  -2.97200652794485e-04  -2.27058128447601e-04   1.29278580224882e-05
  -2.97498606710182e-04  -2.27252093747826e-04   1.29426512245998e-05
  -2.97823931199919e-04  -2.27403218441395e-04   1.29577696331102e-05
  -2.98191460057672e-04  -2.27587504738800e-04   1.29742713085681e-05
  -2.98525087440011e-04  -2.27759707185590e-04   1.29893086704306e-05
  -2.98909140131650e-04  -2.27894933788740e-04   1.30066525902084e-05
  -2.99314178362935e-04  -2.28055770706172e-04   1.30229958669328e-05
  -2.99740938299778e-04  -2.28202310020905e-04   1.30402786044355e-05
  -3.00188751816514e-04  -2.28379338696944e-04   1.30587245451379e-05
  -3.00629247722668e-04  -2.28531036754584e-04   1.30760959110497e-05
  -3.01142245506961e-04  -2.28687756780234e-04   1.30959192095700e-05
  -3.01651445876954e-04  -2.28900269736144e-04   1.31145207618103e-05
  -3.02166267326478e-04  -2.29096727886135e-04   1.31344471181545e-05
  -3.02709588087957e-04  -2.29324423578519e-04   1.31550183200341e-05
  -3.03257246157922e-04  -2.29555239162103e-04   1.31746895418826e-05
  -3.03847589881162e-04  -2.29830348005383e-04   1.31965593222980e-05
  -3.04396308816609e-04  -2.30147848006952e-04   1.32167906478956e-05
  -3.04962900842417e-04  -2.30443758563614e-04   1.32384078535087e-05
  -3.05549645260037e-04  -2.30801266287979e-04   1.32598438655374e-05
  -3.06106553391157e-04  -2.31179481499109e-04   1.32803025837986e-05
  -3.06663921058536e-04  -2.31590747924063e-04   1.33022926071784e-05
  -3.07175760286692e-04  -2.32015976399408e-04   1.33220559701046e-05
  -3.07707932284680e-04  -2.32436122778147e-04   1.33430440092593e-05
  -3.08215633553935e-04  -2.32924385261753e-04   1.33630021703634e-05
  -3.08665408414536e-04  -2.33395330517334e-04   1.33820141299887e-05
  -3.09121681845049e-04  -2.33872891304312e-04   1.34019384138455e-05
  -3.09537516059592e-04  -2.34360746113578e-04   1.34193404107393e-05
  -3.09952588206297e-04  -2.34848618467284e-04   1.34379384638288e-05
  -3.10312623458680e-04  -2.35364547279736e-04   1.34549019635843e-05
  -3.10641761672915e-04  -2.35823766745780e-04   1.34712333797566e-05
  -3.10991503914511e-04  -2.36297459486630e-04   1.34881312823891e-05
  -3.11287191228635e-04  -2.36773923826070e-04   1.35027035440468e-05
  -3.11575303052899e-04  -2.37221590455773e-04   1.35187218830734e-05
  -3.11832194632942e-04  -2.37664205032943e-04   1.35328936154741e-05
  -3.12091435386373e-04  -2.38058881708548e-04   1.35470543456254e-05
  -3.12356561654423e-04  -2.38481082270860e-04   1.35615962292685e-05
  -3.12561532680963e-04  -2.38870506621012e-04   1.35742265375468e-05
  -3.12793953884282e-04  -2.39214044856414e-04   1.35885677580571e-05
  -3.13017032284896e-04  -2.39562937472560e-04   1.36010680483880e-05
  -3.13243070656897e-04  -2.39877753861700e-04   1.36142743992953e-05
  -3.13462621686365e-04  -2.40201624272031e-04   1.36276862705023e-05
  -3.13658711499756e-04  -2.40468889526973e-04   1.36397037194078e-05
  -3.13909346924145e-04  -2.40719201062714e-04   1.36536064361829e-05
  -3.14136221004644e-04  -2.40987154638126e-04   1.36657117157793e-05
  -3.14364835333175e-04  -2.41204017808385e-04   1.36791235328907e-05
  -3.14611778505444e-04  -2.41416865993758e-04   1.36925461147144e-05
  -3.14866410127697e-04  -2.41590960292018e-04   1.37052285891315e-05
  -3.15165695694781e-04  -2.41776596927135e-04   1.37199155191245e-05
  -3.15430035866046e-04  -2.41958233076657e-04   1.37329285223442e-05
  -3.15733806313346e-04  -2.42082923943414e-04   1.37477688724914e-05
  -3.16072105289401e-04  -2.42232820481369e-04   1.37624034044201e-05
  -3.16411662639226e-04  -2.42364264785787e-04   1.37769150384560e-05
  -3.16782686855558e-04  -2.42501745071690e-04   1.37933664957114e-05
  -3.17146489423128e-04  -2.42620923901728e-04   1.38083465033797e-05
  -3.17577275371391e-04  -2.42720764301387e-04   1.38256093850494e-05
  -3.18020663553489e-04  -2.42874139039021e-04   1.38424328445023e-05
  -3.18458231626593e-04  -2.42999261694041e-04   1.38596791044039e-05
  -3.18947159230967e-04  -2.43135836165837e-04   1.38786259192802e-05
  -3.19442847013977e-04  -2.43283876303719e-04   1.38962760489043e-05
  -3.19985936062479e-04  -2.43450779986238e-04   1.39163827512615e-05
  -3.20512131823559e-04  -2.43662029917337e-04   1.39356622759242e-05
  -3.21055672162589e-04  -2.43842916141357e-04   1.39557432257943e-05
  -3.21650474507492e-04  -2.44077427129504e-04   1.39770173130669e-05
  -3.22220123082243e-04  -2.44346634220752e-04   1.39969571428967e-05
  -3.22806575254225e-04  -2.44632311889640e-04   1.40190644106416e-05
  -3.23374271121478e-04  -2.44951857028953e-04   1.40396612786105e-05
  -3.23960545085731e-04  -2.45269170839067e-04   1.40610624003718e-05
  -3.24549115525931e-04  -2.45661337987534e-04   1.40827802293742e-05
  -3.25077873646974e-04  -2.46056667184054e-04   1.41029818056157e-05
  -3.25627966227588e-04  -2.46454720154784e-04   1.41248510506781e-05
  -3.26150075485692e-04  -2.46894728837323e-04   1.41445601272725e-05
  -3.26659651493059e-04  -2.47338799077042e-04   1.41650128077233e-05
  -3.27132828253399e-04  -2.47823518741174e-04   1.41849178608720e-05
  -3.27561987742301e-04  -2.48273927163896e-04   1.42033046750570e-05
  -3.28016571577256e-04  -2.48738395571828e-04   1.42229470010824e-05
  -3.28412874730919e-04  -2.49233871540124e-04   1.42401346975494e-05
  -3.28785808078238e-04  -2.49694986190011e-04   1.42582833260900e-05
  -3.29140686496650e-04  -2.50164865926899e-04   1.42753973041328e-05
  -3.29475243178900e-04  -2.50602192546842e-04   1.42913944096184e-05
  -3.29816989914945e-04  -2.51061002509176e-04   1.43084443094253e-05
  -3.30089550430339e-04  -2.51507390445566e-04   1.43230992751738e-05
  -3.30376374988611e-04  -2.51897869917201e-04   1.43390966561476e-05
  -3.30660551475371e-04  -2.52307676358032e-04   1.43538487137063e-05
  -3.30920562538315e-04  -2.52686783467622e-04   1.43681735534778e-05
  -3.31180627119387e-04  -2.53063474796752e-04   1.43834990492199e-05
  -3.31407534401690e-04  -2.53401431830463e-04   1.43967649593931e-05
  -3.31677749585933e-04  -2.53709397188462e-04   1.44117720019952e-05
  -3.31927454605532e-04  -2.54046686629708e-04   1.44253947719810e-05
  -3.32155440665870e-04  -2.54327531809492e-04   1.44392449697868e-05
  -3.32412415473356e-04  -2.54596998500237e-04   1.44539399960879e-05
  -3.32660634969387e-04  -2.54842813122003e-04   1.44670181742763e-05
  -3.32944070110115e-04  -2.55080375953262e-04   1.44821813050544e-05
  -3.33196883470606e-04  -2.55322255521607e-04   1.44959099156805e-05
  -3.33470033615857e-04  -2.55498328962939e-04   1.45105159673520e-05
  -3.33787838487388e-04  -2.55694778059352e-04   1.45257671036946e-05
  -3.34086569947687e-04  -2.55879972127589e-04   1.45398853437064e-05
  -3.34415170659516e-04  -2.56046672902521e-04   1.45562476787283e-05
  -3.34740215639260e-04  -2.56205096541595e-04   1.45711643159919e-05
  -3.35113542838637e-04  -2.56329064003736e-04   1.45876024773681e-05
  -3.35511086832847e-04  -2.56498000193309e-04   1.46044933660366e-05
  -3.35887476142140e-04  -2.56636566952375e-04   1.46207808822026e-05
  -3.36323929721514e-04  -2.56763202536527e-04   1.46393187233771e-05
  -3.36769629860989e-04  -2.56911051467547e-04   1.46564124295392e-05
  -3.37250897561308e-04  -2.57054983701022e-04   1.46754666797033e-05
  -3.37735819644571e-04  -2.57235170353105e-04   1.46945977445234e-05
  -3.38229516657040e-04  -2.57381565495320e-04   1.47135897002809e-05
  -3.38791637780209e-04  -2.57561069698711e-04   1.47346853770689e-05
  -3.39335047009059e-04  -2.57783928231932e-04   1.47543262223179e-05
  -3.39899269951842e-04  -2.58000548215487e-04   1.47760917704475e-05
  -3.40474318655312e-04  -2.58256341989228e-04   1.47973377308592e-05
  -3.41063222409613e-04  -2.58512708366826e-04   1.48186473173447e-05
  -3.41678183264467e-04  -2.58834114731118e-04   1.48414523449200e-05
  -3.42241523115084e-04  -2.59176499469658e-04   1.48624960268954e-05
  -3.42835358500354e-04  -2.59512023864398e-04   1.48854410249592e-05
  -3.43424370380626e-04  -2.59910374479934e-04   1.49070844876682e-05
  -3.43991230635699e-04  -2.60320327153967e-04   1.49287686347978e-05
  -3.44544466722141e-04  -2.60773175310932e-04   1.49510507123814e-05
  -3.45051526199553e-04  -2.61220140854296e-04   1.49712226965792e-05
  -3.45584329594031e-04  -2.61679326229753e-04   1.49929058735828e-05
  -3.46066361474523e-04  -2.62195419270641e-04   1.50125483795393e-05
  -3.46507111423047e-04  -2.62680904231034e-04   1.50322954014939e-05
  -3.46944222627576e-04  -2.63182630183502e-04   1.50519619026633e-05
  -3.47343838661849e-04  -2.63675978998472e-04   1.50695975724082e-05
  -3.47745370738219e-04  -2.64182938490251e-04   1.50885729918203e-05
  -3.48077811511628e-04  -2.64699055517256e-04   1.51051505883548e-05
  -3.48403983315485e-04  -2.65157505103291e-04   1.51221769881125e-05
  -3.48734840231416e-04  -2.65642523806452e-04   1.51387045166818e-05
  -3.49015706777101e-04  -2.66109856729170e-04   1.51536086652431e-05
  -3.49294297563541e-04  -2.66559337414719e-04   1.51698649410568e-05
  -3.49536060821312e-04  -2.66988672951523e-04   1.51837823483282e-05
  -3.49800539786958e-04  -2.67378363330614e-04   1.51987263115935e-05
  -3.50050441014203e-04  -2.67800871059480e-04   1.52129498016366e-05
  -3.50254707813560e-04  -2.68170169606260e-04   1.52261516691208e-05
  -3.50491464762703e-04  -2.68513749214335e-04   1.52407239446595e-05
  -3.50709909002170e-04  -2.68850696169648e-04   1.52531674792001e-05
  -3.50944441231888e-04  -2.69161347046808e-04   1.52671746214888e-05
  -3.51156619472012e-04  -2.69477283465560e-04   1.52803096901709e-05
  -3.51367524859953e-04  -2.69725909644894e-04   1.52931264163674e-05
  -3.51628715359238e-04  -2.69981404918214e-04   1.53072771928954e-05
  -3.51857344486858e-04  -2.70236837388161e-04   1.53195835395802e-05
  -3.52104634540005e-04  -2.70449611493036e-04   1.53338480580559e-05
  -3.52357426903185e-04  -2.70658936133019e-04   1.53470780912882e-05
  -3.52634743716622e-04  -2.70826864938881e-04   1.53606811441881e-05
  -3.52943214156759e-04  -2.71022549383934e-04   1.53755264815822e-05
  -3.53218686407017e-04  -2.71190779886013e-04   1.53889466438452e-05
  -3.53551878082400e-04  -2.71320856489519e-04   1.54046645889776e-05
  -3.53901975359147e-04  -2.71477245006794e-04   1.54192540064955e-05
  -3.54267588812386e-04  -2.71612694924801e-04   1.54348545602587e-05
  -3.54653624557333e-04  -2.71765733043591e-04   1.54514595761308e-05
  -3.55040424142565e-04  -2.71886443756330e-04   1.54670473849679e-05
  -3.55499954216276e-04  -2.72012877553630e-04   1.54850970131316e-05
  -3.55950578970779e-04  -2.72184289387955e-04   1.55019319719481e-05
  -3.56415693874874e-04  -2.72325465957460e-04   1.55202847168927e-05
  -3.56920313668496e-04  -2.72494761591411e-04   1.55392477151416e-05
  -3.57435166358072e-04  -2.72666952855185e-04   1.55575166398404e-05
  -3.57992374916103e-04  -2.72879375778365e-04   1.55780849906718e-05
  -3.58516618584090e-04  -2.73120772100797e-04   1.55971505225290e-05
  -3.59076260567560e-04  -2.73340374052261e-04   1.56179065600933e-05
  -3.59662385705748e-04  -2.73626248847420e-04   1.56386237319282e-05
  -3.60224150430728e-04  -2.73930231900768e-04   1.56587612540572e-05
  -3.60798495999628e-04  -2.74264507481268e-04   1.56806237436652e-05
  -3.61343081707578e-04  -2.74617941376075e-04   1.57004777183332e-05
  -3.61915649337025e-04  -2.74980309595840e-04   1.57218339903273e-05
  -3.62460957924805e-04  -2.75415977670947e-04   1.57422290646032e-05
  -3.62957036782855e-04  -2.75833109081052e-04   1.57619595560121e-05
  -3.63469372111077e-04  -2.76267908947517e-04   1.57826762354614e-05
  -3.63942813792584e-04  -2.76724770995768e-04   1.58010576313700e-05
  -3.64412184225786e-04  -2.77189887930540e-04   1.58208121747971e-05
  -3.64827539002885e-04  -2.77683589270669e-04   1.58388977487366e-05
  -3.65219887188065e-04  -2.78130703222064e-04   1.58565048678087e-05
  -3.65627353368444e-04  -2.78607645801617e-04   1.58745835530180e-05
  -3.65970770845512e-04  -2.79090040531558e-04   1.58903703581763e-05
  -3.66305783721327e-04  -2.79542973698724e-04   1.59075919255697e-05
  -3.66611345390026e-04  -2.79995895343404e-04   1.59228643380424e-05
  -3.66916637938162e-04  -2.80411057609442e-04   1.59382274690061e-05
  -3.67215979444146e-04  -2.80857295618826e-04   1.59537953592575e-05
  -3.67454118395863e-04  -2.81265295585336e-04   1.59674226203353e-05
  -3.67722227258091e-04  -2.81634830128462e-04   1.59826463524280e-05
  -3.67972726213113e-04  -2.82016845967956e-04   1.59958700482936e-05
  -3.68216077865280e-04  -2.82364618542331e-04   1.60098188663744e-05
  -3.68448798166336e-04  -2.82714684550423e-04   1.60237787365045e-05
  -3.68662704356150e-04  -2.83008553066575e-04   1.60364011747512e-05
  -3.68926317695302e-04  -2.83294209667747e-04   1.60508331038487e-05
  -3.69154767526099e-04  -2.83594755715185e-04   1.60633518536347e-05
  -3.69385107677665e-04  -2.83838137763896e-04   1.60771663888140e-05
  -3.69634204853497e-04  -2.84080099640257e-04   1.60907672302573e-05
  -3.69885951471197e-04  -2.84287461291466e-04   1.61036439550980e-05
  -3.70170244437800e-04  -2.84504404711611e-04   1.61183761539116e-05
  -3.70417813829557e-04  -2.84704984910411e-04   1.61313625914254e-05
  -3.70710695214348e-04  -2.84849641980539e-04   1.61462092186942e-05
  -3.71031633041931e-04  -2.85023521443785e-04   1.61606760697167e-05
  -3.71345610235901e-04  -2.85173677247513e-04   1.61750566962652e-05
  -3.71689438978149e-04  -2.85321052589028e-04   1.61912090458137e-05
  -3.72029685787381e-04  -2.85446732154955e-04   1.62058455434376e-05
  -3.72433443136360e-04  -2.85556150711430e-04   1.62227713823079e-05
  -3.72839247869881e-04  -2.85710269333058e-04   1.62391348003004e-05
  -3.73244151883582e-04  -2.85821662990036e-04   1.62560605019245e-05
  -3.73707566245889e-04  -2.85943007084446e-04   1.62746103654042e-05
  -3.74177910512131e-04  -2.86075237341792e-04   1.62919173410970e-05
  -3.74691756087969e-04  -2.86221055264160e-04   1.63117022836525e-05
  -3.75192716585595e-04  -2.86397625084845e-04   1.63305886194173e-05
  -3.75723753855684e-04  -2.86541514454420e-04   1.63504534672885e-05
  -3.76307121932026e-04  -2.86741570212636e-04   1.63714994021000e-05
  -3.76865872332467e-04  -2.86967477240779e-04   1.63914416843433e-05
  -3.77453362685743e-04  -2.87201576254154e-04   1.64137424591404e-05
  -3.78036552752063e-04  -2.87470697095927e-04   1.64346636659179e-05
  -3.78646513619505e-04  -2.87746065649976e-04   1.64566812862937e-05
  -3.79257712296356e-04  -2.88097680746088e-04   1.64790637058495e-05
  -3.79820340161611e-04  -2.88447546067150e-04   1.65001882676945e-05
  -3.80417135697469e-04  -2.88810240196333e-04   1.65231130013030e-05
  -3.80987811976615e-04  -2.89225007213120e-04   1.65440073202960e-05
  -3.81546126599282e-04  -2.89648508779286e-04   1.65659125714663e-05
  -3.82073601903205e-04  -2.90113574282409e-04   1.65872785263480e-05
  -3.82567769982124e-04  -2.90555117183765e-04   1.66073095131137e-05
  -3.83084654078718e-04  -2.91028125907952e-04   1.66285643277450e-05
  -3.83534286262175e-04  -2.91536089485269e-04   1.66473483481410e-05
  -3.83962735415817e-04  -2.92011266680092e-04   1.66671479291978e-05
  -3.84374152175386e-04  -2.92504632622410e-04   1.66857703298877e-05
  -3.84760925798588e-04  -2.92975836177995e-04   1.67033874745134e-05
  -3.85144005001122e-04  -2.93472680631950e-04   1.67219585685239e-05
  -3.85457389139728e-04  -2.93953267525263e-04   1.67380850320269e-05
  -3.85788167025749e-04  -2.94388014633798e-04   1.67554969655842e-05
  -3.86106005113266e-04  -2.94852057004151e-04   1.67714208813957e-05
  -3.86388693642352e-04  -2.95285358125006e-04   1.67868904082976e-05
  -3.86667077115657e-04  -2.95712843752968e-04   1.68030989649520e-05
  -3.86912847834641e-04  -2.96103654819410e-04   1.68171515158568e-05
  -3.87195051825819e-04  -2.96472602059441e-04   1.68328667477224e-05
  -3.87443746302651e-04  -2.96867619510193e-04   1.68469940927655e-05
  -3.87671386145608e-04  -2.97199971552623e-04   1.68613239005769e-05
  -3.87927245406076e-04  -2.97526175247521e-04   1.68762206631898e-05
  -3.88166325316583e-04  -2.97832729289470e-04   1.68894077418094e-05
  -3.88428333043727e-04  -2.98129166356909e-04   1.69045177562553e-05
  -3.88655730311898e-04  -2.98419470965431e-04   1.69179675979533e-05
  -3.88906784107863e-04  -2.98644672769294e-04   1.69322886218281e-05
  -3.89193822322496e-04  -2.98894231276882e-04   1.69470301613543e-05
  -3.89452338836916e-04  -2.99125509944971e-04   1.69605991509418e-05
  -3.89739847938471e-04  -2.99331041256910e-04   1.69762178106118e-05
  -3.90024012289206e-04  -2.99526976625344e-04   1.69901770520840e-05
  -3.90350535546202e-04  -2.99691258536459e-04   1.70056010031082e-05
  -3.90687800213943e-04  -2.99892813485467e-04   1.70212055230867e-05
  -3.91005003032484e-04  -3.00049083883990e-04   1.70361974448126e-05
  -3.91385847238949e-04  -3.00191751574265e-04   1.70533217103157e-05
  -3.91771262624715e-04  -3.00353016129947e-04   1.70689383777427e-05
  -3.92186633450307e-04  -3.00502250013577e-04   1.70865291925460e-05
  -3.92606767632882e-04  -3.00674274052288e-04   1.71039969769016e-05
  -3.93043775747581e-04  -3.00807903446660e-04   1.71213871559184e-05
  -3.93546362459290e-04  -3.00975040073474e-04   1.71407709204179e-05
  -3.94025346884809e-04  -3.01172376401286e-04   1.71587033805309e-05
